url,name,address,city,state,phone
https://www.humphreycpallc.com/,Results,"234 2nd St, Crystal Lake, IL 60014",Crystal Lake,IL,(815) 334-7472
http://www.sansonecpa.com/,Results,"850 S McHenry Ave Ste D, Crystal Lake, IL 60014",Crystal Lake,IL,(815) 459-4300
http://www.sourceteaminc.com/,Results,"190 Liberty Rd STE 3, Crystal Lake, IL 60014",Crystal Lake,IL,(815) 893-9975
https://www.nasathub.com/,Results,"507 Cimmaron Cir, Crystal Lake, IL 60012",Crystal Lake,IL,(224) 713-8979
https://crystallaketax.com/,Results,"265 Exchange Dr #101, Crystal Lake, IL 60014",Crystal Lake,IL,(815) 526-3092
http://www.millerverchota.com/,Results,"444 N S Illinois Rte 31 Suite 104, Crystal Lake, IL 60012",Crystal Lake,IL,(815) 477-8000
https://www.jmltaxcpa.com/,Results,"475 W Terra Cotta Ave Ste F1, Crystal Lake, IL 60014",Crystal Lake,IL,(815) 788-5114
http://www.martinjohnsontax.com/,Results,"95 S Virginia St, Crystal Lake, IL 60014",Crystal Lake,IL,(815) 459-0707
http://gioiatax.com/,Results,"30 N Walkup Ave, Crystal Lake, IL 60014",Crystal Lake,IL,(815) 459-5700
https://www.trailcpa.com/,Results,"401 Country Club Rd Ste 401, Crystal Lake, IL 60014",Crystal Lake,IL,(425) 896-8653
http://www.algonquinaccounting.com/,Results,"1495 Merchant Dr, Algonquin, IL 60102",Algonquin,IL,(847) 658-2907
https://www.floodcpas.com/,Results,"407 Congress Pkwy # A, Crystal Lake, IL 60014",Crystal Lake,IL,(815) 455-9538
https://www.exemplartax.com/contact.htm,Results,"413 E Terra Cotta Ave, Crystal Lake, IL 60014",Crystal Lake,IL,(815) 459-6720
https://www.toddbaconcpa.com/,Results,"755 McArdle Dr, Crystal Lake, IL 60014",Crystal Lake,IL,(815) 477-5559
http://www.schulzcpa.com/,Results,"4 Cedar Ridge Dr # B, Lake in the Hills, IL 60156",Lake in the Hills,IL,(224) 209-8938
http://www.mysummitadvisor.net/,Results,"11017 Woodstock St, Huntley, IL 60142",Huntley,IL,(847) 458-2460
http://rohner-associates.com/,Results,"905 Pingree Rd, Crystal Lake, IL 60014",Crystal Lake,IL,(847) 671-7000
https://rcwtax.com/,Results,"75 E Crystal Lake Ave, Crystal Lake, IL 60014",Crystal Lake,IL,(815) 893-0736
https://vitoaccounting.com/,Results,"820 E Terra Cotta Ave suite 156, Crystal Lake, IL 60014",Crystal Lake,IL,(815) 900-7974
https://www.ak-co.com/,Results,"10215 US-14, Woodstock, IL 60098",Woodstock,IL,(815) 338-5518
https://www.chadwickpc.com/contact/,Results,"820 E Terra Cotta Ave STE 112, Crystal Lake, IL 60014",Crystal Lake,IL,(815) 455-7544
http://www.jlaccounting.com/,Results,"2525 Harding Ln, Woodstock, IL 60098",Woodstock,IL,(815) 338-1040
https://www.faltaxinc.com/,Results,"214 N Main St, Algonquin, IL 60102",Algonquin,IL,(224) 678-7800
http://americaneagletaxes.net/,Results,"10765 Shenandoah Dr, Huntley, IL 60142",Huntley,IL,(847) 515-3100
https://merlaktax.biz/,Results,"8411 Pyott Rd Ste. 107, Lake in the Hills, IL 60156",Lake in the Hills,IL,(779) 220-9608
http://www.cpa-cfo.net/,Results,"820 E Terra Cotta Ave Ste 212, Crystal Lake, IL 60014",Crystal Lake,IL,(844) 341-0007
https://rodgersfinancialgrp.com/,Results,"780 McArdle Dr ste e, Crystal Lake, IL 60014",Crystal Lake,IL,(815) 526-3086
http://www.nancygonsiorek.com/,Results,"3720 Buckhorn Dr, Crystal Lake, IL 60012",Crystal Lake,IL,(815) 455-9462
http://www.oatservices.net/,Results,"820 E Terra Cotta Ave #232, Crystal Lake, IL 60014",Crystal Lake,IL,(815) 444-6724
http://www.leadingfs.com/,Results,"275 Stonegate Rd Ste K, Algonquin, IL 60102",Algonquin,IL,(224) 267-5051
https://www.gandersonassoc.com/,Results,"600 Industrial Dr Unit B, Cary, IL 60013",Cary,IL,(847) 790-4034
http://www.sourceteaminc.com/contact.php,Results,"190 Liberty Rd STE 3, Crystal Lake, IL 60014",Crystal Lake,IL,(815) 341-2675
http://www.fisher-tax.com/,Results,"164 College St, Crystal Lake, IL 60014",Crystal Lake,IL,(815) 258-1411
https://www.internationaltaxtime.com/,Results,,Crystal Lake,IL,(312) 219-0185
https://www.hrblock.com/tax-office-near-me/illinois/cary/12994/?otppartnerid=9308&campaignid=pw_mcm_9308_9762&utm_medium=local,Results,"3202 Northwest Hwy, Cary, IL 60013",Cary,IL,(847) 639-7711
https://www.u-niqueaccounting.com/,Results,,Crystal Lake,IL,(224) 272-5239
https://www.central-office-online.com/,Results,,Crystal Lake,IL,(815) 739-9644
https://alvarez-accounting.com/,Results,,Crystal Lake,IL,(815) 382-1739
https://accountingskyline.com/,Results,"600 Dakota St Ste B, Unit 102, Crystal Lake, IL 60012",Crystal Lake,IL,(815) 900-9194
http://www.ksiegowausa.com/,Results,"1411 Commerce Dr Suite A, Algonquin, IL 60102",Algonquin,IL,(224) 955-2900
http://accountingdigits.com/,Results,"321 Bayberry Dr, Algonquin, IL 60102",Algonquin,IL,(901) 356-1162
https://jvseda.com/,Results,"444 State Rte 31 suite 103, Crystal Lake, IL 60012",Crystal Lake,IL,(815) 526-3603
https://mpplfinancial.com/location/crystal-lake-il/?utm_source=google&utm_medium=organic&utm_campaign=gbp,Results,"755 McArdle Dr STE F, Crystal Lake, IL 60014",Crystal Lake,IL,(815) 893-6140
https://www.builderstaxgroup.com/,Results,"60B W Terra Cotta Ave Box# 169, Crystal Lake, IL 60014",Crystal Lake,IL,(815) 846-5188
https://sites.google.com/alma-accounting.com/almaaccounting/home,Results,"145 S Virginia St, Crystal Lake, IL 60014",Crystal Lake,IL,(815) 404-4973
https://baxterwoodman.com/,Results,"8678 Ridgefield Rd, Crystal Lake, IL 60012",Crystal Lake,IL,(815) 459-1260
http://www.smallbusinessserv.com/,Results,"455 Coventry Ln #107, Crystal Lake, IL 60014",Crystal Lake,IL,(844) 687-7274
https://www.hrblock.com/tax-office-near-me/illinois/crystal-lake/26626/?otppartnerid=9308&campaignid=pw_mcm_9308_9762&utm_medium=local,Results,"14 Crystal Lake Plaza, Crystal Lake, IL 60014",Crystal Lake,IL,(815) 459-6960
https://www.thecornerstonefinancialgroup.org/,Results,"181 N Virginia St Unit A, Crystal Lake, IL 60014",Crystal Lake,IL,(847) 854-4600
http://www.exemplarfn.com/,Results,"413 E Terra Cotta Ave, Crystal Lake, IL 60014",Crystal Lake,IL,(815) 459-4550
https://office.jacksonhewitt.com/tax-preparation-services-locations/en/il/crystal-lake/1-c-crystal-lake-plaza/19915?utm_source=google&utm_medium=local&utm_campaign=local&utm_content=19915,Results,"1 Crystal Lake Plaza Unit B, Crystal Lake, IL 60014",Crystal Lake,IL,(815) 893-6530
https://hjaccountantsinc.com/,Results,"25 N 5th St, Crystal Falls, MI 49920",Crystal Falls,MI,(906) 875-9130
https://www.hrblock.com/tax-office-near-me/illinois/lake-in-the-hills/26629/?otppartnerid=9308&campaignid=pw_mcm_9308_9762&utm_medium=local,Results,"281 N Randall Rd, Lake in the Hills, IL 60156",Lake in the Hills,IL,(847) 658-6406
https://www.libertytax.com/income-tax-preparation-locations/15060.html?utm_source=local&utm_medium=organic&utm_campaign=gmb,Results,"166 N Randall Rd, Lake in the Hills, IL 60156",Lake in the Hills,IL,(224) 333-1043
http://www.professionalwealthadvisors.com/,Results,"390 Congress Pkwy E, Crystal Lake, IL 60014",Crystal Lake,IL,(815) 459-6800
http://www.cfo-accounting.com/,Results,"12014 Kingston Pl, Algonquin, IL 60102",Algonquin,IL,(847) 458-8477
http://www.carygrovetax.com/contact.php,Results,"2615 W Three Oaks Rd #1B, Cary, IL 60013",Cary,IL,(866) 472-2763
https://eccezion.com/,Results,"5400 W Elm St Ste 203, McHenry, IL 60050",McHenry,IL,(815) 344-1300
http://amcoservices.com/,Results,"720 Industrial Dr Ste 120, Cary, IL 60013",Cary,IL,(847) 639-9945
http://www.clchamber.com/,Results,"427 W Virginia St, Crystal Lake, IL 60014",Crystal Lake,IL,(815) 459-1300
https://www.szocka.com/,Results,"799 E Terra Cotta Ave, Crystal Lake, IL 60014",Crystal Lake,IL,(815) 455-8430
https://instantsoftwaresolutions.com/,Results,"221 Summerdale Ln, Algonquin, IL 60102",Algonquin,IL,(847) 458-5740
https://pjaassoc.com/,Results,"1111 Plaza Dr #325, Schaumburg, IL 60173",Schaumburg,IL,(773) 777-7577
https://grayslake.padgettadvisors.com/,Results,"1100 E Washington St Ste 200, Grayslake, IL 60030",Grayslake,IL,(847) 548-2013
https://www.savedbythebooks.com/,Results,,Crystal Lake,IL,(815) 450-9030
https://www.hrblock.com/tax-office-near-me/illinois/huntley/26630/?otppartnerid=9308&campaignid=pw_mcm_9308_9762&utm_medium=local,Results,"12040 Princeton Dr, Huntley, IL 60142",Huntley,IL,(847) 669-8186
